1
[(136, 259), (418, 219), (656, 180), 
(303, 375), (447, 395), (509, 350), 
(708, 319), (329, 513), (711, 552)]

2
[(105, 202), (368, 108), (712, 75),
(82, 340), (398, 397), (711, 492), 
(108, 715), (448, 658), (712, 232)]

3
[(164, 152), (385, 172), (659, 218),
(344, 619), (682, 654)]

4
[(385, 63), (498, 131), (745, 144),
(246, 241), (423, 324), (398, 536), (206, 613)]

5
[(211, 147), (336, 134), (409, 139),
(628, 120), (338, 395), (525, 473),
(202, 604), (357, 591), (499, 603),
(662, 612), (389, 723), (591, 718),
(588, 780)]

6
[(190, 75), (425, 112), (600, 105), 
(215, 280), (422, 288), (603, 364), 
(165, 596), (431, 663), (655, 611)]

7
[(390, 229), (397, 339), (163, 412),
(392, 409), (666, 437), (390, 533)]

8
[(445, 476), (348, 592), (409, 646), 
(580, 658), (202, 705), (300, 700)]

9
[(204, 340), (1309, 326), (114, 254), 
(292, 221), (378, 193), (473, 277), 
(644, 268), (764, 298), (120, 377),
(193, 393), (352, 373), (477, 391),
(602, 429), (742, 435), (232, 491), 
(277, 620), (240, 740), (70, 766), 
(486, 488), (434, 604), (524, 716), (702, 665)]

10
[(286, 69), (450, 54), (284, 146), (258, 194), 
(313, 170), (470, 144), (273, 335), (385, 321),
(417, 375), (522, 320), (590, 369), (270, 438), 
(471, 435), (326, 559), (405, 630), (472, 602),
(580, 631), (334, 707)]

11
[(122, 233), (691, 126), (542, 428), 
(708, 570), (369, 697), (703, 702)]

12
[(204, 193), (598, 190), (295, 377), (101, 425), 
(203, 512), (356, 542), (505, 403), (593, 536), 
(684, 440), (406, 642), (656, 269)]

13
[(99, 246), (59, 388), (139, 508), (137, 671), 
(281, 548), (466, 480), (493, 627), (740, 112), 
(761, 300), (649, 384), (717, 507), (648, 571), 
(689, 659)]

14
[(207, 335), (409, 316), (618, 310), (314, 465), 
(411, 436), (512, 443), (403, 616)]

15
[(250, 113), (234, 190), (507, 176), (580, 265), 
(576, 381), (234, 552), (533, 629)]

16
[(428, 343), (240, 438), (628, 414), 
(530, 496), (749, 501), (141, 575)]

17
[(250, 406), (533, 228), (467, 354), 
(490, 593), (698, 730)]

18
[(372, 348), (260, 428), (301, 515), 
(367, 492), (460, 494), (550, 426)]

19
[(194, 352), (323, 352), (474, 278), (317, 579)]

20
[(208, 257), (590, 253), (219, 519), (606, 515)]

21
[(222, 392), (519, 373)]

22
[(445, 160), (571, 152), (507, 286), (626, 285), 
(452, 448), (630, 484), (554, 630)]

23
[(152, 90), (273, 179), (411, 180), (568, 157), 
(400, 260), (161, 413), (384, 424), (584, 376), 
(215, 688), (385, 664), (573, 626)]